SubjID Var1 Var2 Var3 Patterns FreqPatterns initial_gik1 initial_gik2 initial_gik3 final_gik1 final_gik2 final_gik3
ID1 3 2 4 324 54 0.3333 0.3333 0.3333 0 0 1
ID10 1 1 3 113 40 0.3333 0.3333 0.3333 0.6667 0 0.3333
ID100 3 1 2 312 41 0.3333 0.3333 0.3333 0 0.6667 0.3333
ID1000 2 1 3 213 55 0.3333 0.3333 0.3333 0 0.6667 0.3333
ID101 3 2 4 324 54 0.3333 0.3333 0.3333 0 0 1
ID102 2 2 3 223 44 0.3333 0.3333 0.3333 0 0.3333 0.6667
ID103 2 1 1 211 52 0.3333 0.3333 0.3333 0.4303 0.5697 0
ID104 3 2 1 321 41 0.3333 0.3333 0.3333 0.4149 0 0.5851
ID105 1 1 3 113 40 0.3333 0.3333 0.3333 0.6667 0 0.3333
ID106 1 1 4 114 45 0.3333 0.3333 0.3333 0.4303 0.5697 0
ID107 3 1 1 311 39 0.3333 0.3333 0.3333 0.6667 0 0.3333
ID108 2 1 1 211 52 0.3333 0.3333 0.3333 0.4303 0.5697 0
ID109 2 1 1 211 52 0.3333 0.3333 0.3333 0.4303 0.5697 0
ID11 2 1 4 214 46 0.3333 0.3333 0.3333 0 1 0
ID110 2 2 2 222 30 0.3333 0.3333 0.3333 0 0.6667 0.3333
ID111 2 1 1 211 52 0.3333 0.3333 0.3333 0.4303 0.5697 0
ID112 2 2 2 222 30 0.3333 0.3333 0.3333 0 0.6667 0.3333
ID113 2 2 3 223 44 0.3333 0.3333 0.3333 0 0.3333 0.6667
ID114 3 1 1 311 39 0.3333 0.3333 0.3333 0.6667 0 0.3333
ID115 2 1 4 214 46 0.3333 0.3333 0.3333 0 1 0
ID116 1 2 4 124 26 0.3333 0.3333 0.3333 0.472 0.2251 0.303
ID117 2 2 3 223 44 0.3333 0.3333 0.3333 0 0.3333 0.6667
ID118 2 1 1 211 52 0.3333 0.3333 0.3333 0.4303 0.5697 0
ID119 2 1 3 213 55 0.3333 0.3333 0.3333 0 0.6667 0.3333
ID12 2 1 1 211 52 0.3333 0.3333 0.3333 0.4303 0.5697 0
ID120 3 1 3 313 40 0.3333 0.3333 0.3333 0 0.3333 0.6667
ID121 2 1 2 212 34 0.3333 0.3333 0.3333 0 1 0
ID122 3 1 1 311 39 0.3333 0.3333 0.3333 0.6667 0 0.3333
ID123 2 2 3 223 44 0.3333 0.3333 0.3333 0 0.3333 0.6667
ID124 3 1 3 313 40 0.3333 0.3333 0.3333 0 0.3333 0.6667
ID125 1 1 4 114 45 0.3333 0.3333 0.3333 0.4303 0.5697 0
ID126 3 1 1 311 39 0.3333 0.3333 0.3333 0.6667 0 0.3333
ID127 3 1 2 312 41 0.3333 0.3333 0.3333 0 0.6667 0.3333
ID128 3 2 2 322 41 0.3333 0.3333 0.3333 0.4149 0 0.5851
ID129 1 2 4 124 26 0.3333 0.3333 0.3333 0.472 0.2251 0.303
ID13 1 2 2 122 40 0.3333 0.3333 0.3333 1 0 0
ID130 3 2 2 322 41 0.3333 0.3333 0.3333 0.4149 0 0.5851
ID131 3 1 4 314 40 0.3333 0.3333 0.3333 0 0.6032 0.3968
ID132 2 2 3 223 44 0.3333 0.3333 0.3333 0 0.3333 0.6667
ID133 2 1 4 214 46 0.3333 0.3333 0.3333 0 1 0
ID134 2 1 3 213 55 0.3333 0.3333 0.3333 0 0.6667 0.3333
ID135 3 1 4 314 40 0.3333 0.3333 0.3333 0 0.6032 0.3968
ID136 3 1 3 313 40 0.3333 0.3333 0.3333 0 0.3333 0.6667
ID137 3 1 4 314 40 0.3333 0.3333 0.3333 0 0.6032 0.3968
ID138 2 2 1 221 26 0.3333 0.3333 0.3333 0.6138 0.3333 0.0528
ID139 1 2 4 124 26 0.3333 0.3333 0.3333 0.472 0.2251 0.303
ID14 2 2 4 224 44 0.3333 0.3333 0.3333 0 0.6032 0.3968
ID140 2 1 2 212 34 0.3333 0.3333 0.3333 0 1 0
ID141 1 1 2 112 34 0.3333 0.3333 0.3333 1 0 0
ID142 3 2 1 321 41 0.3333 0.3333 0.3333 0.4149 0 0.5851
ID143 3 1 1 311 39 0.3333 0.3333 0.3333 0.6667 0 0.3333
ID144 2 2 1 221 26 0.3333 0.3333 0.3333 0.6138 0.3333 0.0528
ID145 1 2 2 122 40 0.3333 0.3333 0.3333 1 0 0
ID146 3 2 3 323 47 0.3333 0.3333 0.3333 0 0 1
ID147 1 1 3 113 40 0.3333 0.3333 0.3333 0.6667 0 0.3333
ID148 3 1 3 313 40 0.3333 0.3333 0.3333 0 0.3333 0.6667
ID149 2 2 4 224 44 0.3333 0.3333 0.3333 0 0.6032 0.3968
ID15 3 1 3 313 40 0.3333 0.3333 0.3333 0 0.3333 0.6667
ID150 2 1 3 213 55 0.3333 0.3333 0.3333 0 0.6667 0.3333
ID151 1 2 1 121 50 0.3333 0.3333 0.3333 1 0 0
ID152 3 1 1 311 39 0.3333 0.3333 0.3333 0.6667 0 0.3333
ID153 2 2 3 223 44 0.3333 0.3333 0.3333 0 0.3333 0.6667
ID154 1 1 1 111 47 0.3333 0.3333 0.3333 1 0 0
ID155 3 1 4 314 40 0.3333 0.3333 0.3333 0 0.6032 0.3968
ID156 3 2 1 321 41 0.3333 0.3333 0.3333 0.4149 0 0.5851
ID157 3 2 4 324 54 0.3333 0.3333 0.3333 0 0 1
ID158 1 2 1 121 50 0.3333 0.3333 0.3333 1 0 0
ID159 2 2 4 224 44 0.3333 0.3333 0.3333 0 0.6032 0.3968
ID16 1 1 3 113 40 0.3333 0.3333 0.3333 0.6667 0 0.3333
ID160 2 2 4 224 44 0.3333 0.3333 0.3333 0 0.6032 0.3968
ID161 1 1 4 114 45 0.3333 0.3333 0.3333 0.4303 0.5697 0
ID162 2 2 3 223 44 0.3333 0.3333 0.3333 0 0.3333 0.6667
ID163 3 1 3 313 40 0.3333 0.3333 0.3333 0 0.3333 0.6667
ID164 3 2 4 324 54 0.3333 0.3333 0.3333 0 0 1
ID165 1 1 4 114 45 0.3333 0.3333 0.3333 0.4303 0.5697 0
ID166 2 2 4 224 44 0.3333 0.3333 0.3333 0 0.6032 0.3968
ID167 1 1 2 112 34 0.3333 0.3333 0.3333 1 0 0
ID168 2 1 3 213 55 0.3333 0.3333 0.3333 0 0.6667 0.3333
ID169 3 2 2 322 41 0.3333 0.3333 0.3333 0.4149 0 0.5851
ID17 3 2 1 321 41 0.3333 0.3333 0.3333 0.4149 0 0.5851
ID170 3 2 4 324 54 0.3333 0.3333 0.3333 0 0 1
ID171 1 1 4 114 45 0.3333 0.3333 0.3333 0.4303 0.5697 0
ID172 3 2 4 324 54 0.3333 0.3333 0.3333 0 0 1
ID173 2 1 4 214 46 0.3333 0.3333 0.3333 0 1 0
ID174 1 1 2 112 34 0.3333 0.3333 0.3333 1 0 0
ID175 1 1 2 112 34 0.3333 0.3333 0.3333 1 0 0
ID176 2 1 2 212 34 0.3333 0.3333 0.3333 0 1 0
ID177 3 2 3 323 47 0.3333 0.3333 0.3333 0 0 1
ID178 1 1 2 112 34 0.3333 0.3333 0.3333 1 0 0
ID179 2 2 4 224 44 0.3333 0.3333 0.3333 0 0.6032 0.3968
ID18 3 2 3 323 47 0.3333 0.3333 0.3333 0 0 1
ID180 2 2 4 224 44 0.3333 0.3333 0.3333 0 0.6032 0.3968
ID181 1 2 3 123 44 0.3333 0.3333 0.3333 0.4149 0 0.5851
ID182 2 2 4 224 44 0.3333 0.3333 0.3333 0 0.6032 0.3968
ID183 1 2 2 122 40 0.3333 0.3333 0.3333 1 0 0
ID184 1 2 1 121 50 0.3333 0.3333 0.3333 1 0 0
ID185 2 1 1 211 52 0.3333 0.3333 0.3333 0.4303 0.5697 0
ID186 1 2 3 123 44 0.3333 0.3333 0.3333 0.4149 0 0.5851
ID187 3 2 1 321 41 0.3333 0.3333 0.3333 0.4149 0 0.5851
ID188 1 2 2 122 40 0.3333 0.3333 0.3333 1 0 0
ID189 1 1 2 112 34 0.3333 0.3333 0.3333 1 0 0
ID19 1 1 3 113 40 0.3333 0.3333 0.3333 0.6667 0 0.3333
ID190 2 1 2 212 34 0.3333 0.3333 0.3333 0 1 0
ID191 1 2 1 121 50 0.3333 0.3333 0.3333 1 0 0
ID192 2 1 3 213 55 0.3333 0.3333 0.3333 0 0.6667 0.3333
ID193 1 1 4 114 45 0.3333 0.3333 0.3333 0.4303 0.5697 0
ID194 1 1 3 113 40 0.3333 0.3333 0.3333 0.6667 0 0.3333
ID195 1 2 2 122 40 0.3333 0.3333 0.3333 1 0 0
ID196 3 2 2 322 41 0.3333 0.3333 0.3333 0.4149 0 0.5851
ID197 3 2 2 322 41 0.3333 0.3333 0.3333 0.4149 0 0.5851
ID198 2 1 4 214 46 0.3333 0.3333 0.3333 0 1 0
ID199 1 1 3 113 40 0.3333 0.3333 0.3333 0.6667 0 0.3333
ID2 3 2 1 321 41 0.3333 0.3333 0.3333 0.4149 0 0.5851
ID20 1 1 4 114 45 0.3333 0.3333 0.3333 0.4303 0.5697 0
ID200 2 1 1 211 52 0.3333 0.3333 0.3333 0.4303 0.5697 0
ID201 3 2 2 322 41 0.3333 0.3333 0.3333 0.4149 0 0.5851
ID202 2 1 3 213 55 0.3333 0.3333 0.3333 0 0.6667 0.3333
ID203 3 2 1 321 41 0.3333 0.3333 0.3333 0.4149 0 0.5851
ID204 2 2 4 224 44 0.3333 0.3333 0.3333 0 0.6032 0.3968
ID205 3 2 3 323 47 0.3333 0.3333 0.3333 0 0 1
ID206 1 1 3 113 40 0.3333 0.3333 0.3333 0.6667 0 0.3333
ID207 1 1 2 112 34 0.3333 0.3333 0.3333 1 0 0
ID208 1 1 3 113 40 0.3333 0.3333 0.3333 0.6667 0 0.3333
ID209 1 1 4 114 45 0.3333 0.3333 0.3333 0.4303 0.5697 0
ID21 1 2 1 121 50 0.3333 0.3333 0.3333 1 0 0
ID210 3 2 3 323 47 0.3333 0.3333 0.3333 0 0 1
ID211 2 2 2 222 30 0.3333 0.3333 0.3333 0 0.6667 0.3333
ID212 1 2 4 124 26 0.3333 0.3333 0.3333 0.472 0.2251 0.303
ID213 2 1 1 211 52 0.3333 0.3333 0.3333 0.4303 0.5697 0
ID214 1 2 1 121 50 0.3333 0.3333 0.3333 1 0 0
ID215 3 2 4 324 54 0.3333 0.3333 0.3333 0 0 1
ID216 3 2 3 323 47 0.3333 0.3333 0.3333 0 0 1
ID217 1 2 1 121 50 0.3333 0.3333 0.3333 1 0 0
ID218 2 2 3 223 44 0.3333 0.3333 0.3333 0 0.3333 0.6667
ID219 3 1 3 313 40 0.3333 0.3333 0.3333 0 0.3333 0.6667
ID22 1 2 4 124 26 0.3333 0.3333 0.3333 0.472 0.2251 0.303
ID220 1 1 2 112 34 0.3333 0.3333 0.3333 1 0 0
ID221 3 2 3 323 47 0.3333 0.3333 0.3333 0 0 1
ID222 2 2 4 224 44 0.3333 0.3333 0.3333 0 0.6032 0.3968
ID223 1 2 1 121 50 0.3333 0.3333 0.3333 1 0 0
ID224 1 2 1 121 50 0.3333 0.3333 0.3333 1 0 0
ID225 1 1 1 111 47 0.3333 0.3333 0.3333 1 0 0
ID226 1 1 3 113 40 0.3333 0.3333 0.3333 0.6667 0 0.3333
ID227 1 1 1 111 47 0.3333 0.3333 0.3333 1 0 0
ID228 3 1 2 312 41 0.3333 0.3333 0.3333 0 0.6667 0.3333
ID229 2 1 1 211 52 0.3333 0.3333 0.3333 0.4303 0.5697 0
ID23 3 1 1 311 39 0.3333 0.3333 0.3333 0.6667 0 0.3333
ID230 2 2 2 222 30 0.3333 0.3333 0.3333 0 0.6667 0.3333
ID231 2 2 4 224 44 0.3333 0.3333 0.3333 0 0.6032 0.3968
ID232 3 1 1 311 39 0.3333 0.3333 0.3333 0.6667 0 0.3333
ID233 1 2 4 124 26 0.3333 0.3333 0.3333 0.472 0.2251 0.303
ID234 2 2 4 224 44 0.3333 0.3333 0.3333 0 0.6032 0.3968
ID235 2 1 2 212 34 0.3333 0.3333 0.3333 0 1 0
ID236 1 2 2 122 40 0.3333 0.3333 0.3333 1 0 0
ID237 2 2 2 222 30 0.3333 0.3333 0.3333 0 0.6667 0.3333
ID238 1 1 4 114 45 0.3333 0.3333 0.3333 0.4303 0.5697 0
ID239 1 2 3 123 44 0.3333 0.3333 0.3333 0.4149 0 0.5851
ID24 2 1 1 211 52 0.3333 0.3333 0.3333 0.4303 0.5697 0
ID240 2 1 3 213 55 0.3333 0.3333 0.3333 0 0.6667 0.3333
ID241 3 2 2 322 41 0.3333 0.3333 0.3333 0.4149 0 0.5851
ID242 1 1 4 114 45 0.3333 0.3333 0.3333 0.4303 0.5697 0
ID243 3 1 2 312 41 0.3333 0.3333 0.3333 0 0.6667 0.3333
ID244 1 2 2 122 40 0.3333 0.3333 0.3333 1 0 0
ID245 2 2 4 224 44 0.3333 0.3333 0.3333 0 0.6032 0.3968
ID246 1 2 3 123 44 0.3333 0.3333 0.3333 0.4149 0 0.5851
ID247 2 1 1 211 52 0.3333 0.3333 0.3333 0.4303 0.5697 0
ID248 2 1 3 213 55 0.3333 0.3333 0.3333 0 0.6667 0.3333
ID249 2 1 4 214 46 0.3333 0.3333 0.3333 0 1 0
ID25 3 1 4 314 40 0.3333 0.3333 0.3333 0 0.6032 0.3968
ID250 3 1 1 311 39 0.3333 0.3333 0.3333 0.6667 0 0.3333
ID251 1 2 2 122 40 0.3333 0.3333 0.3333 1 0 0
ID252 1 2 3 123 44 0.3333 0.3333 0.3333 0.4149 0 0.5851
ID253 1 2 2 122 40 0.3333 0.3333 0.3333 1 0 0
ID254 1 2 2 122 40 0.3333 0.3333 0.3333 1 0 0
ID255 3 2 1 321 41 0.3333 0.3333 0.3333 0.4149 0 0.5851
ID256 1 1 2 112 34 0.3333 0.3333 0.3333 1 0 0
ID257 2 2 4 224 44 0.3333 0.3333 0.3333 0 0.6032 0.3968
ID258 1 1 4 114 45 0.3333 0.3333 0.3333 0.4303 0.5697 0
ID259 2 1 3 213 55 0.3333 0.3333 0.3333 0 0.6667 0.3333
ID26 2 1 2 212 34 0.3333 0.3333 0.3333 0 1 0
ID260 2 2 4 224 44 0.3333 0.3333 0.3333 0 0.6032 0.3968
ID261 1 1 2 112 34 0.3333 0.3333 0.3333 1 0 0
ID262 1 1 3 113 40 0.3333 0.3333 0.3333 0.6667 0 0.3333
ID263 1 1 3 113 40 0.3333 0.3333 0.3333 0.6667 0 0.3333
ID264 1 2 4 124 26 0.3333 0.3333 0.3333 0.472 0.2251 0.303
ID265 3 2 2 322 41 0.3333 0.3333 0.3333 0.4149 0 0.5851
ID266 1 1 1 111 47 0.3333 0.3333 0.3333 1 0 0
ID267 1 1 1 111 47 0.3333 0.3333 0.3333 1 0 0
ID268 1 1 2 112 34 0.3333 0.3333 0.3333 1 0 0
ID269 2 1 3 213 55 0.3333 0.3333 0.3333 0 0.6667 0.3333
ID27 1 1 1 111 47 0.3333 0.3333 0.3333 1 0 0
ID270 2 1 2 212 34 0.3333 0.3333 0.3333 0 1 0
ID271 3 2 1 321 41 0.3333 0.3333 0.3333 0.4149 0 0.5851
ID272 2 1 3 213 55 0.3333 0.3333 0.3333 0 0.6667 0.3333
ID273 3 1 1 311 39 0.3333 0.3333 0.3333 0.6667 0 0.3333
ID274 1 2 1 121 50 0.3333 0.3333 0.3333 1 0 0
ID275 1 2 3 123 44 0.3333 0.3333 0.3333 0.4149 0 0.5851
ID276 1 2 1 121 50 0.3333 0.3333 0.3333 1 0 0
ID277 1 2 4 124 26 0.3333 0.3333 0.3333 0.472 0.2251 0.303
ID278 1 2 2 122 40 0.3333 0.3333 0.3333 1 0 0
ID279 3 1 4 314 40 0.3333 0.3333 0.3333 0 0.6032 0.3968
ID28 2 2 3 223 44 0.3333 0.3333 0.3333 0 0.3333 0.6667
ID280 1 2 3 123 44 0.3333 0.3333 0.3333 0.4149 0 0.5851
ID281 1 2 4 124 26 0.3333 0.3333 0.3333 0.472 0.2251 0.303
ID282 3 1 3 313 40 0.3333 0.3333 0.3333 0 0.3333 0.6667
ID283 3 2 3 323 47 0.3333 0.3333 0.3333 0 0 1
ID284 2 1 3 213 55 0.3333 0.3333 0.3333 0 0.6667 0.3333
ID285 1 2 3 123 44 0.3333 0.3333 0.3333 0.4149 0 0.5851
ID286 1 1 2 112 34 0.3333 0.3333 0.3333 1 0 0
ID287 1 2 1 121 50 0.3333 0.3333 0.3333 1 0 0
ID288 2 1 3 213 55 0.3333 0.3333 0.3333 0 0.6667 0.3333
ID289 1 2 2 122 40 0.3333 0.3333 0.3333 1 0 0
ID29 3 2 4 324 54 0.3333 0.3333 0.3333 0 0 1
ID290 2 1 1 211 52 0.3333 0.3333 0.3333 0.4303 0.5697 0
ID291 1 2 1 121 50 0.3333 0.3333 0.3333 1 0 0
ID292 1 2 3 123 44 0.3333 0.3333 0.3333 0.4149 0 0.5851
ID293 3 1 2 312 41 0.3333 0.3333 0.3333 0 0.6667 0.3333
ID294 3 2 2 322 41 0.3333 0.3333 0.3333 0.4149 0 0.5851
ID295 2 2 4 224 44 0.3333 0.3333 0.3333 0 0.6032 0.3968
ID296 2 1 2 212 34 0.3333 0.3333 0.3333 0 1 0
ID297 1 1 2 112 34 0.3333 0.3333 0.3333 1 0 0
ID298 3 2 2 322 41 0.3333 0.3333 0.3333 0.4149 0 0.5851
ID299 1 1 1 111 47 0.3333 0.3333 0.3333 1 0 0
ID3 3 1 3 313 40 0.3333 0.3333 0.3333 0 0.3333 0.6667
ID30 2 1 1 211 52 0.3333 0.3333 0.3333 0.4303 0.5697 0
ID300 1 1 4 114 45 0.3333 0.3333 0.3333 0.4303 0.5697 0
ID301 2 2 4 224 44 0.3333 0.3333 0.3333 0 0.6032 0.3968
ID302 1 2 3 123 44 0.3333 0.3333 0.3333 0.4149 0 0.5851
ID303 2 1 3 213 55 0.3333 0.3333 0.3333 0 0.6667 0.3333
ID304 2 2 3 223 44 0.3333 0.3333 0.3333 0 0.3333 0.6667
ID305 2 2 2 222 30 0.3333 0.3333 0.3333 0 0.6667 0.3333
ID306 2 2 3 223 44 0.3333 0.3333 0.3333 0 0.3333 0.6667
ID307 3 1 2 312 41 0.3333 0.3333 0.3333 0 0.6667 0.3333
ID308 3 1 1 311 39 0.3333 0.3333 0.3333 0.6667 0 0.3333
ID309 3 1 1 311 39 0.3333 0.3333 0.3333 0.6667 0 0.3333
ID31 1 1 4 114 45 0.3333 0.3333 0.3333 0.4303 0.5697 0
ID310 3 2 4 324 54 0.3333 0.3333 0.3333 0 0 1
ID311 1 2 3 123 44 0.3333 0.3333 0.3333 0.4149 0 0.5851
ID312 3 1 3 313 40 0.3333 0.3333 0.3333 0 0.3333 0.6667
ID313 3 2 4 324 54 0.3333 0.3333 0.3333 0 0 1
ID314 3 2 4 324 54 0.3333 0.3333 0.3333 0 0 1
ID315 2 2 3 223 44 0.3333 0.3333 0.3333 0 0.3333 0.6667
ID316 3 1 2 312 41 0.3333 0.3333 0.3333 0 0.6667 0.3333
ID317 3 1 1 311 39 0.3333 0.3333 0.3333 0.6667 0 0.3333
ID318 3 1 1 311 39 0.3333 0.3333 0.3333 0.6667 0 0.3333
ID319 1 1 1 111 47 0.3333 0.3333 0.3333 1 0 0
ID32 3 2 1 321 41 0.3333 0.3333 0.3333 0.4149 0 0.5851
ID320 1 2 1 121 50 0.3333 0.3333 0.3333 1 0 0
ID321 3 2 1 321 41 0.3333 0.3333 0.3333 0.4149 0 0.5851
ID322 2 1 4 214 46 0.3333 0.3333 0.3333 0 1 0
ID323 3 1 4 314 40 0.3333 0.3333 0.3333 0 0.6032 0.3968
ID324 2 2 2 222 30 0.3333 0.3333 0.3333 0 0.6667 0.3333
ID325 1 1 1 111 47 0.3333 0.3333 0.3333 1 0 0
ID326 2 2 2 222 30 0.3333 0.3333 0.3333 0 0.6667 0.3333
ID327 2 2 2 222 30 0.3333 0.3333 0.3333 0 0.6667 0.3333
ID328 2 1 3 213 55 0.3333 0.3333 0.3333 0 0.6667 0.3333
ID329 1 2 1 121 50 0.3333 0.3333 0.3333 1 0 0
ID33 3 1 3 313 40 0.3333 0.3333 0.3333 0 0.3333 0.6667
ID330 1 1 3 113 40 0.3333 0.3333 0.3333 0.6667 0 0.3333
ID331 1 2 3 123 44 0.3333 0.3333 0.3333 0.4149 0 0.5851
ID332 3 2 1 321 41 0.3333 0.3333 0.3333 0.4149 0 0.5851
ID333 3 2 2 322 41 0.3333 0.3333 0.3333 0.4149 0 0.5851
ID334 1 1 4 114 45 0.3333 0.3333 0.3333 0.4303 0.5697 0
ID335 1 2 3 123 44 0.3333 0.3333 0.3333 0.4149 0 0.5851
ID336 3 1 2 312 41 0.3333 0.3333 0.3333 0 0.6667 0.3333
ID337 1 2 1 121 50 0.3333 0.3333 0.3333 1 0 0
ID338 3 1 3 313 40 0.3333 0.3333 0.3333 0 0.3333 0.6667
ID339 2 1 2 212 34 0.3333 0.3333 0.3333 0 1 0
ID34 1 1 4 114 45 0.3333 0.3333 0.3333 0.4303 0.5697 0
ID340 1 2 1 121 50 0.3333 0.3333 0.3333 1 0 0
ID341 1 1 3 113 40 0.3333 0.3333 0.3333 0.6667 0 0.3333
ID342 3 1 1 311 39 0.3333 0.3333 0.3333 0.6667 0 0.3333
ID343 2 1 2 212 34 0.3333 0.3333 0.3333 0 1 0
ID344 3 2 2 322 41 0.3333 0.3333 0.3333 0.4149 0 0.5851
ID345 2 1 4 214 46 0.3333 0.3333 0.3333 0 1 0
ID346 1 1 4 114 45 0.3333 0.3333 0.3333 0.4303 0.5697 0
ID347 2 1 4 214 46 0.3333 0.3333 0.3333 0 1 0
ID348 3 2 4 324 54 0.3333 0.3333 0.3333 0 0 1
ID349 2 1 1 211 52 0.3333 0.3333 0.3333 0.4303 0.5697 0
ID35 3 1 3 313 40 0.3333 0.3333 0.3333 0 0.3333 0.6667
ID350 3 2 4 324 54 0.3333 0.3333 0.3333 0 0 1
ID351 3 1 4 314 40 0.3333 0.3333 0.3333 0 0.6032 0.3968
ID352 1 1 3 113 40 0.3333 0.3333 0.3333 0.6667 0 0.3333
ID353 2 1 1 211 52 0.3333 0.3333 0.3333 0.4303 0.5697 0
ID354 1 1 3 113 40 0.3333 0.3333 0.3333 0.6667 0 0.3333
ID355 2 1 2 212 34 0.3333 0.3333 0.3333 0 1 0
ID356 2 1 3 213 55 0.3333 0.3333 0.3333 0 0.6667 0.3333
ID357 2 1 3 213 55 0.3333 0.3333 0.3333 0 0.6667 0.3333
ID358 2 2 3 223 44 0.3333 0.3333 0.3333 0 0.3333 0.6667
ID359 1 2 1 121 50 0.3333 0.3333 0.3333 1 0 0
ID36 2 1 1 211 52 0.3333 0.3333 0.3333 0.4303 0.5697 0
ID360 2 1 4 214 46 0.3333 0.3333 0.3333 0 1 0
ID361 1 2 1 121 50 0.3333 0.3333 0.3333 1 0 0
ID362 2 1 4 214 46 0.3333 0.3333 0.3333 0 1 0
ID363 1 1 1 111 47 0.3333 0.3333 0.3333 1 0 0
ID364 3 1 4 314 40 0.3333 0.3333 0.3333 0 0.6032 0.3968
ID365 2 1 1 211 52 0.3333 0.3333 0.3333 0.4303 0.5697 0
ID366 1 2 2 122 40 0.3333 0.3333 0.3333 1 0 0
ID367 3 2 2 322 41 0.3333 0.3333 0.3333 0.4149 0 0.5851
ID368 2 2 1 221 26 0.3333 0.3333 0.3333 0.6138 0.3333 0.0528
ID369 3 1 4 314 40 0.3333 0.3333 0.3333 0 0.6032 0.3968
ID37 1 1 2 112 34 0.3333 0.3333 0.3333 1 0 0
ID370 2 1 1 211 52 0.3333 0.3333 0.3333 0.4303 0.5697 0
ID371 3 2 4 324 54 0.3333 0.3333 0.3333 0 0 1
ID372 3 1 2 312 41 0.3333 0.3333 0.3333 0 0.6667 0.3333
ID373 1 1 1 111 47 0.3333 0.3333 0.3333 1 0 0
ID374 2 1 3 213 55 0.3333 0.3333 0.3333 0 0.6667 0.3333
ID375 3 1 2 312 41 0.3333 0.3333 0.3333 0 0.6667 0.3333
ID376 1 2 1 121 50 0.3333 0.3333 0.3333 1 0 0
ID377 1 1 1 111 47 0.3333 0.3333 0.3333 1 0 0
ID378 3 2 2 322 41 0.3333 0.3333 0.3333 0.4149 0 0.5851
ID379 2 2 1 221 26 0.3333 0.3333 0.3333 0.6138 0.3333 0.0528
ID38 3 2 1 321 41 0.3333 0.3333 0.3333 0.4149 0 0.5851
ID380 3 2 3 323 47 0.3333 0.3333 0.3333 0 0 1
ID381 2 2 3 223 44 0.3333 0.3333 0.3333 0 0.3333 0.6667
ID382 2 2 4 224 44 0.3333 0.3333 0.3333 0 0.6032 0.3968
ID383 2 1 4 214 46 0.3333 0.3333 0.3333 0 1 0
ID384 1 2 1 121 50 0.3333 0.3333 0.3333 1 0 0
ID385 2 1 3 213 55 0.3333 0.3333 0.3333 0 0.6667 0.3333
ID386 1 1 4 114 45 0.3333 0.3333 0.3333 0.4303 0.5697 0
ID387 1 2 4 124 26 0.3333 0.3333 0.3333 0.472 0.2251 0.303
ID388 1 1 1 111 47 0.3333 0.3333 0.3333 1 0 0
ID389 2 2 3 223 44 0.3333 0.3333 0.3333 0 0.3333 0.6667
ID39 1 2 4 124 26 0.3333 0.3333 0.3333 0.472 0.2251 0.303
ID390 2 1 3 213 55 0.3333 0.3333 0.3333 0 0.6667 0.3333
ID391 3 1 2 312 41 0.3333 0.3333 0.3333 0 0.6667 0.3333
ID392 3 1 2 312 41 0.3333 0.3333 0.3333 0 0.6667 0.3333
ID393 1 1 2 112 34 0.3333 0.3333 0.3333 1 0 0
ID394 2 2 4 224 44 0.3333 0.3333 0.3333 0 0.6032 0.3968
ID395 2 2 4 224 44 0.3333 0.3333 0.3333 0 0.6032 0.3968
ID396 3 2 3 323 47 0.3333 0.3333 0.3333 0 0 1
ID397 3 2 3 323 47 0.3333 0.3333 0.3333 0 0 1
ID398 3 2 3 323 47 0.3333 0.3333 0.3333 0 0 1
ID399 3 2 1 321 41 0.3333 0.3333 0.3333 0.4149 0 0.5851
ID4 2 2 3 223 44 0.3333 0.3333 0.3333 0 0.3333 0.6667
ID40 1 1 1 111 47 0.3333 0.3333 0.3333 1 0 0
ID400 2 1 3 213 55 0.3333 0.3333 0.3333 0 0.6667 0.3333
ID401 1 2 2 122 40 0.3333 0.3333 0.3333 1 0 0
ID402 1 1 1 111 47 0.3333 0.3333 0.3333 1 0 0
ID403 3 2 4 324 54 0.3333 0.3333 0.3333 0 0 1
ID404 1 2 3 123 44 0.3333 0.3333 0.3333 0.4149 0 0.5851
ID405 2 1 4 214 46 0.3333 0.3333 0.3333 0 1 0
ID406 2 2 4 224 44 0.3333 0.3333 0.3333 0 0.6032 0.3968
ID407 3 1 1 311 39 0.3333 0.3333 0.3333 0.6667 0 0.3333
ID408 2 1 4 214 46 0.3333 0.3333 0.3333 0 1 0
ID409 1 2 3 123 44 0.3333 0.3333 0.3333 0.4149 0 0.5851
ID41 2 1 4 214 46 0.3333 0.3333 0.3333 0 1 0
ID410 3 2 3 323 47 0.3333 0.3333 0.3333 0 0 1
ID411 1 1 1 111 47 0.3333 0.3333 0.3333 1 0 0
ID412 1 1 1 111 47 0.3333 0.3333 0.3333 1 0 0
ID413 3 2 4 324 54 0.3333 0.3333 0.3333 0 0 1
ID414 2 1 1 211 52 0.3333 0.3333 0.3333 0.4303 0.5697 0
ID415 1 2 4 124 26 0.3333 0.3333 0.3333 0.472 0.2251 0.303
ID416 1 2 1 121 50 0.3333 0.3333 0.3333 1 0 0
ID417 2 1 3 213 55 0.3333 0.3333 0.3333 0 0.6667 0.3333
ID418 2 2 4 224 44 0.3333 0.3333 0.3333 0 0.6032 0.3968
ID419 2 1 2 212 34 0.3333 0.3333 0.3333 0 1 0
ID42 3 1 2 312 41 0.3333 0.3333 0.3333 0 0.6667 0.3333
ID420 2 1 1 211 52 0.3333 0.3333 0.3333 0.4303 0.5697 0
ID421 1 2 2 122 40 0.3333 0.3333 0.3333 1 0 0
ID422 3 2 1 321 41 0.3333 0.3333 0.3333 0.4149 0 0.5851
ID423 3 2 3 323 47 0.3333 0.3333 0.3333 0 0 1
ID424 2 1 1 211 52 0.3333 0.3333 0.3333 0.4303 0.5697 0
ID425 3 2 4 324 54 0.3333 0.3333 0.3333 0 0 1
ID426 3 1 1 311 39 0.3333 0.3333 0.3333 0.6667 0 0.3333
ID427 3 1 4 314 40 0.3333 0.3333 0.3333 0 0.6032 0.3968
ID428 2 2 2 222 30 0.3333 0.3333 0.3333 0 0.6667 0.3333
ID429 3 1 4 314 40 0.3333 0.3333 0.3333 0 0.6032 0.3968
ID43 3 2 2 322 41 0.3333 0.3333 0.3333 0.4149 0 0.5851
ID430 3 1 4 314 40 0.3333 0.3333 0.3333 0 0.6032 0.3968
ID431 2 2 2 222 30 0.3333 0.3333 0.3333 0 0.6667 0.3333
ID432 2 1 4 214 46 0.3333 0.3333 0.3333 0 1 0
ID433 3 1 1 311 39 0.3333 0.3333 0.3333 0.6667 0 0.3333
ID434 2 2 3 223 44 0.3333 0.3333 0.3333 0 0.3333 0.6667
ID435 3 1 4 314 40 0.3333 0.3333 0.3333 0 0.6032 0.3968
ID436 2 1 3 213 55 0.3333 0.3333 0.3333 0 0.6667 0.3333
ID437 2 2 3 223 44 0.3333 0.3333 0.3333 0 0.3333 0.6667
ID438 1 1 1 111 47 0.3333 0.3333 0.3333 1 0 0
ID439 2 1 3 213 55 0.3333 0.3333 0.3333 0 0.6667 0.3333
ID44 1 2 3 123 44 0.3333 0.3333 0.3333 0.4149 0 0.5851
ID440 3 2 4 324 54 0.3333 0.3333 0.3333 0 0 1
ID441 1 2 1 121 50 0.3333 0.3333 0.3333 1 0 0
ID442 1 2 2 122 40 0.3333 0.3333 0.3333 1 0 0
ID443 3 2 1 321 41 0.3333 0.3333 0.3333 0.4149 0 0.5851
ID444 2 1 2 212 34 0.3333 0.3333 0.3333 0 1 0
ID445 1 2 1 121 50 0.3333 0.3333 0.3333 1 0 0
ID446 1 1 4 114 45 0.3333 0.3333 0.3333 0.4303 0.5697 0
ID447 3 1 3 313 40 0.3333 0.3333 0.3333 0 0.3333 0.6667
ID448 3 2 2 322 41 0.3333 0.3333 0.3333 0.4149 0 0.5851
ID449 3 1 2 312 41 0.3333 0.3333 0.3333 0 0.6667 0.3333
ID45 3 2 4 324 54 0.3333 0.3333 0.3333 0 0 1
ID450 1 1 4 114 45 0.3333 0.3333 0.3333 0.4303 0.5697 0
ID451 2 2 2 222 30 0.3333 0.3333 0.3333 0 0.6667 0.3333
ID452 2 2 3 223 44 0.3333 0.3333 0.3333 0 0.3333 0.6667
ID453 3 2 3 323 47 0.3333 0.3333 0.3333 0 0 1
ID454 3 2 4 324 54 0.3333 0.3333 0.3333 0 0 1
ID455 3 1 4 314 40 0.3333 0.3333 0.3333 0 0.6032 0.3968
ID456 3 1 2 312 41 0.3333 0.3333 0.3333 0 0.6667 0.3333
ID457 2 1 3 213 55 0.3333 0.3333 0.3333 0 0.6667 0.3333
ID458 1 1 2 112 34 0.3333 0.3333 0.3333 1 0 0
ID459 3 2 3 323 47 0.3333 0.3333 0.3333 0 0 1
ID46 1 1 2 112 34 0.3333 0.3333 0.3333 1 0 0
ID460 2 1 1 211 52 0.3333 0.3333 0.3333 0.4303 0.5697 0
ID461 1 1 3 113 40 0.3333 0.3333 0.3333 0.6667 0 0.3333
ID462 3 1 1 311 39 0.3333 0.3333 0.3333 0.6667 0 0.3333
ID463 3 2 1 321 41 0.3333 0.3333 0.3333 0.4149 0 0.5851
ID464 3 2 2 322 41 0.3333 0.3333 0.3333 0.4149 0 0.5851
ID465 2 1 1 211 52 0.3333 0.3333 0.3333 0.4303 0.5697 0
ID466 1 2 1 121 50 0.3333 0.3333 0.3333 1 0 0
ID467 2 1 2 212 34 0.3333 0.3333 0.3333 0 1 0
ID468 3 1 4 314 40 0.3333 0.3333 0.3333 0 0.6032 0.3968
ID469 1 2 1 121 50 0.3333 0.3333 0.3333 1 0 0
ID47 3 1 2 312 41 0.3333 0.3333 0.3333 0 0.6667 0.3333
ID470 2 2 3 223 44 0.3333 0.3333 0.3333 0 0.3333 0.6667
ID471 1 1 4 114 45 0.3333 0.3333 0.3333 0.4303 0.5697 0
ID472 2 1 2 212 34 0.3333 0.3333 0.3333 0 1 0
ID473 2 1 2 212 34 0.3333 0.3333 0.3333 0 1 0
ID474 3 2 3 323 47 0.3333 0.3333 0.3333 0 0 1
ID475 2 2 2 222 30 0.3333 0.3333 0.3333 0 0.6667 0.3333
ID476 2 1 1 211 52 0.3333 0.3333 0.3333 0.4303 0.5697 0
ID477 2 2 3 223 44 0.3333 0.3333 0.3333 0 0.3333 0.6667
ID478 2 2 3 223 44 0.3333 0.3333 0.3333 0 0.3333 0.6667
ID479 2 2 1 221 26 0.3333 0.3333 0.3333 0.6138 0.3333 0.0528
ID48 2 2 3 223 44 0.3333 0.3333 0.3333 0 0.3333 0.6667
ID480 3 2 4 324 54 0.3333 0.3333 0.3333 0 0 1
ID481 1 1 4 114 45 0.3333 0.3333 0.3333 0.4303 0.5697 0
ID482 1 2 1 121 50 0.3333 0.3333 0.3333 1 0 0
ID483 3 1 3 313 40 0.3333 0.3333 0.3333 0 0.3333 0.6667
ID484 3 2 4 324 54 0.3333 0.3333 0.3333 0 0 1
ID485 3 1 4 314 40 0.3333 0.3333 0.3333 0 0.6032 0.3968
ID486 3 2 1 321 41 0.3333 0.3333 0.3333 0.4149 0 0.5851
ID487 2 1 1 211 52 0.3333 0.3333 0.3333 0.4303 0.5697 0
ID488 1 1 4 114 45 0.3333 0.3333 0.3333 0.4303 0.5697 0
ID489 1 2 1 121 50 0.3333 0.3333 0.3333 1 0 0
ID49 1 1 2 112 34 0.3333 0.3333 0.3333 1 0 0
ID490 3 1 3 313 40 0.3333 0.3333 0.3333 0 0.3333 0.6667
ID491 2 2 2 222 30 0.3333 0.3333 0.3333 0 0.6667 0.3333
ID492 2 1 1 211 52 0.3333 0.3333 0.3333 0.4303 0.5697 0
ID493 3 2 1 321 41 0.3333 0.3333 0.3333 0.4149 0 0.5851
ID494 1 1 3 113 40 0.3333 0.3333 0.3333 0.6667 0 0.3333
ID495 3 2 1 321 41 0.3333 0.3333 0.3333 0.4149 0 0.5851
ID496 3 2 1 321 41 0.3333 0.3333 0.3333 0.4149 0 0.5851
ID497 1 1 4 114 45 0.3333 0.3333 0.3333 0.4303 0.5697 0
ID498 1 2 1 121 50 0.3333 0.3333 0.3333 1 0 0
ID499 3 2 4 324 54 0.3333 0.3333 0.3333 0 0 1
ID5 3 2 2 322 41 0.3333 0.3333 0.3333 0.4149 0 0.5851
ID50 2 2 1 221 26 0.3333 0.3333 0.3333 0.6138 0.3333 0.0528
ID500 3 1 4 314 40 0.3333 0.3333 0.3333 0 0.6032 0.3968
ID501 2 1 4 214 46 0.3333 0.3333 0.3333 0 1 0
ID502 2 1 1 211 52 0.3333 0.3333 0.3333 0.4303 0.5697 0
ID503 3 1 4 314 40 0.3333 0.3333 0.3333 0 0.6032 0.3968
ID504 2 1 1 211 52 0.3333 0.3333 0.3333 0.4303 0.5697 0
ID505 3 2 2 322 41 0.3333 0.3333 0.3333 0.4149 0 0.5851
ID506 3 2 4 324 54 0.3333 0.3333 0.3333 0 0 1
ID507 2 1 3 213 55 0.3333 0.3333 0.3333 0 0.6667 0.3333
ID508 3 1 3 313 40 0.3333 0.3333 0.3333 0 0.3333 0.6667
ID509 3 1 1 311 39 0.3333 0.3333 0.3333 0.6667 0 0.3333
ID51 1 1 4 114 45 0.3333 0.3333 0.3333 0.4303 0.5697 0
ID510 1 2 4 124 26 0.3333 0.3333 0.3333 0.472 0.2251 0.303
ID511 3 1 4 314 40 0.3333 0.3333 0.3333 0 0.6032 0.3968
ID512 1 1 1 111 47 0.3333 0.3333 0.3333 1 0 0
ID513 2 2 3 223 44 0.3333 0.3333 0.3333 0 0.3333 0.6667
ID514 1 2 2 122 40 0.3333 0.3333 0.3333 1 0 0
ID515 3 2 4 324 54 0.3333 0.3333 0.3333 0 0 1
ID516 3 1 1 311 39 0.3333 0.3333 0.3333 0.6667 0 0.3333
ID517 2 1 3 213 55 0.3333 0.3333 0.3333 0 0.6667 0.3333
ID518 2 1 4 214 46 0.3333 0.3333 0.3333 0 1 0
ID519 1 2 2 122 40 0.3333 0.3333 0.3333 1 0 0
ID52 1 1 1 111 47 0.3333 0.3333 0.3333 1 0 0
ID520 2 1 2 212 34 0.3333 0.3333 0.3333 0 1 0
ID521 3 2 3 323 47 0.3333 0.3333 0.3333 0 0 1
ID522 3 1 2 312 41 0.3333 0.3333 0.3333 0 0.6667 0.3333
ID523 3 1 4 314 40 0.3333 0.3333 0.3333 0 0.6032 0.3968
ID524 2 2 1 221 26 0.3333 0.3333 0.3333 0.6138 0.3333 0.0528
ID525 1 2 1 121 50 0.3333 0.3333 0.3333 1 0 0
ID526 2 2 1 221 26 0.3333 0.3333 0.3333 0.6138 0.3333 0.0528
ID527 3 1 1 311 39 0.3333 0.3333 0.3333 0.6667 0 0.3333
ID528 2 2 1 221 26 0.3333 0.3333 0.3333 0.6138 0.3333 0.0528
ID529 3 2 2 322 41 0.3333 0.3333 0.3333 0.4149 0 0.5851
ID53 3 1 1 311 39 0.3333 0.3333 0.3333 0.6667 0 0.3333
ID530 3 2 4 324 54 0.3333 0.3333 0.3333 0 0 1
ID531 1 2 1 121 50 0.3333 0.3333 0.3333 1 0 0
ID532 2 1 3 213 55 0.3333 0.3333 0.3333 0 0.6667 0.3333
ID533 2 2 1 221 26 0.3333 0.3333 0.3333 0.6138 0.3333 0.0528
ID534 2 2 3 223 44 0.3333 0.3333 0.3333 0 0.3333 0.6667
ID535 2 1 4 214 46 0.3333 0.3333 0.3333 0 1 0
ID536 2 2 4 224 44 0.3333 0.3333 0.3333 0 0.6032 0.3968
ID537 1 2 2 122 40 0.3333 0.3333 0.3333 1 0 0
ID538 1 2 3 123 44 0.3333 0.3333 0.3333 0.4149 0 0.5851
ID539 3 2 4 324 54 0.3333 0.3333 0.3333 0 0 1
ID54 1 2 3 123 44 0.3333 0.3333 0.3333 0.4149 0 0.5851
ID540 1 1 1 111 47 0.3333 0.3333 0.3333 1 0 0
ID541 3 1 3 313 40 0.3333 0.3333 0.3333 0 0.3333 0.6667
ID542 3 1 2 312 41 0.3333 0.3333 0.3333 0 0.6667 0.3333
ID543 2 2 1 221 26 0.3333 0.3333 0.3333 0.6138 0.3333 0.0528
ID544 3 1 3 313 40 0.3333 0.3333 0.3333 0 0.3333 0.6667
ID545 2 1 2 212 34 0.3333 0.3333 0.3333 0 1 0
ID546 1 2 3 123 44 0.3333 0.3333 0.3333 0.4149 0 0.5851
ID547 1 2 3 123 44 0.3333 0.3333 0.3333 0.4149 0 0.5851
ID548 2 1 2 212 34 0.3333 0.3333 0.3333 0 1 0
ID549 1 1 1 111 47 0.3333 0.3333 0.3333 1 0 0
ID55 2 2 4 224 44 0.3333 0.3333 0.3333 0 0.6032 0.3968
ID550 3 1 4 314 40 0.3333 0.3333 0.3333 0 0.6032 0.3968
ID551 2 2 1 221 26 0.3333 0.3333 0.3333 0.6138 0.3333 0.0528
ID552 2 2 1 221 26 0.3333 0.3333 0.3333 0.6138 0.3333 0.0528
ID553 3 2 2 322 41 0.3333 0.3333 0.3333 0.4149 0 0.5851
ID554 1 1 4 114 45 0.3333 0.3333 0.3333 0.4303 0.5697 0
ID555 1 2 1 121 50 0.3333 0.3333 0.3333 1 0 0
ID556 2 2 2 222 30 0.3333 0.3333 0.3333 0 0.6667 0.3333
ID557 3 2 1 321 41 0.3333 0.3333 0.3333 0.4149 0 0.5851
ID558 1 2 2 122 40 0.3333 0.3333 0.3333 1 0 0
ID559 1 2 4 124 26 0.3333 0.3333 0.3333 0.472 0.2251 0.303
ID56 1 1 2 112 34 0.3333 0.3333 0.3333 1 0 0
ID560 3 2 3 323 47 0.3333 0.3333 0.3333 0 0 1
ID561 3 2 3 323 47 0.3333 0.3333 0.3333 0 0 1
ID562 2 1 3 213 55 0.3333 0.3333 0.3333 0 0.6667 0.3333
ID563 1 1 4 114 45 0.3333 0.3333 0.3333 0.4303 0.5697 0
ID564 3 1 1 311 39 0.3333 0.3333 0.3333 0.6667 0 0.3333
ID565 3 1 1 311 39 0.3333 0.3333 0.3333 0.6667 0 0.3333
ID566 3 1 2 312 41 0.3333 0.3333 0.3333 0 0.6667 0.3333
ID567 1 2 1 121 50 0.3333 0.3333 0.3333 1 0 0
ID568 3 1 2 312 41 0.3333 0.3333 0.3333 0 0.6667 0.3333
ID569 3 1 1 311 39 0.3333 0.3333 0.3333 0.6667 0 0.3333
ID57 1 1 4 114 45 0.3333 0.3333 0.3333 0.4303 0.5697 0
ID570 1 1 1 111 47 0.3333 0.3333 0.3333 1 0 0
ID571 2 1 1 211 52 0.3333 0.3333 0.3333 0.4303 0.5697 0
ID572 1 1 2 112 34 0.3333 0.3333 0.3333 1 0 0
ID573 2 1 2 212 34 0.3333 0.3333 0.3333 0 1 0
ID574 2 1 4 214 46 0.3333 0.3333 0.3333 0 1 0
ID575 1 1 4 114 45 0.3333 0.3333 0.3333 0.4303 0.5697 0
ID576 3 2 4 324 54 0.3333 0.3333 0.3333 0 0 1
ID577 1 1 3 113 40 0.3333 0.3333 0.3333 0.6667 0 0.3333
ID578 2 1 4 214 46 0.3333 0.3333 0.3333 0 1 0
ID579 2 1 3 213 55 0.3333 0.3333 0.3333 0 0.6667 0.3333
ID58 3 1 3 313 40 0.3333 0.3333 0.3333 0 0.3333 0.6667
ID580 1 1 4 114 45 0.3333 0.3333 0.3333 0.4303 0.5697 0
ID581 2 1 3 213 55 0.3333 0.3333 0.3333 0 0.6667 0.3333
ID582 1 1 1 111 47 0.3333 0.3333 0.3333 1 0 0
ID583 1 1 1 111 47 0.3333 0.3333 0.3333 1 0 0
ID584 2 2 2 222 30 0.3333 0.3333 0.3333 0 0.6667 0.3333
ID585 2 2 1 221 26 0.3333 0.3333 0.3333 0.6138 0.3333 0.0528
ID586 2 1 4 214 46 0.3333 0.3333 0.3333 0 1 0
ID587 2 1 1 211 52 0.3333 0.3333 0.3333 0.4303 0.5697 0
ID588 3 2 1 321 41 0.3333 0.3333 0.3333 0.4149 0 0.5851
ID589 1 1 4 114 45 0.3333 0.3333 0.3333 0.4303 0.5697 0
ID59 1 2 4 124 26 0.3333 0.3333 0.3333 0.472 0.2251 0.303
ID590 1 1 2 112 34 0.3333 0.3333 0.3333 1 0 0
ID591 1 2 1 121 50 0.3333 0.3333 0.3333 1 0 0
ID592 1 1 1 111 47 0.3333 0.3333 0.3333 1 0 0
ID593 3 2 1 321 41 0.3333 0.3333 0.3333 0.4149 0 0.5851
ID594 2 1 1 211 52 0.3333 0.3333 0.3333 0.4303 0.5697 0
ID595 1 2 3 123 44 0.3333 0.3333 0.3333 0.4149 0 0.5851
ID596 1 1 2 112 34 0.3333 0.3333 0.3333 1 0 0
ID597 3 1 2 312 41 0.3333 0.3333 0.3333 0 0.6667 0.3333
ID598 3 2 1 321 41 0.3333 0.3333 0.3333 0.4149 0 0.5851
ID599 1 2 4 124 26 0.3333 0.3333 0.3333 0.472 0.2251 0.303
ID6 2 2 4 224 44 0.3333 0.3333 0.3333 0 0.6032 0.3968
ID60 2 1 4 214 46 0.3333 0.3333 0.3333 0 1 0
ID600 1 1 2 112 34 0.3333 0.3333 0.3333 1 0 0
ID601 2 2 4 224 44 0.3333 0.3333 0.3333 0 0.6032 0.3968
ID602 3 1 2 312 41 0.3333 0.3333 0.3333 0 0.6667 0.3333
ID603 1 2 1 121 50 0.3333 0.3333 0.3333 1 0 0
ID604 1 2 3 123 44 0.3333 0.3333 0.3333 0.4149 0 0.5851
ID605 3 1 3 313 40 0.3333 0.3333 0.3333 0 0.3333 0.6667
ID606 1 2 2 122 40 0.3333 0.3333 0.3333 1 0 0
ID607 2 1 4 214 46 0.3333 0.3333 0.3333 0 1 0
ID608 2 1 3 213 55 0.3333 0.3333 0.3333 0 0.6667 0.3333
ID609 3 2 2 322 41 0.3333 0.3333 0.3333 0.4149 0 0.5851
ID61 1 2 3 123 44 0.3333 0.3333 0.3333 0.4149 0 0.5851
ID610 1 1 1 111 47 0.3333 0.3333 0.3333 1 0 0
ID611 3 1 1 311 39 0.3333 0.3333 0.3333 0.6667 0 0.3333
ID612 1 2 3 123 44 0.3333 0.3333 0.3333 0.4149 0 0.5851
ID613 3 1 4 314 40 0.3333 0.3333 0.3333 0 0.6032 0.3968
ID614 3 1 2 312 41 0.3333 0.3333 0.3333 0 0.6667 0.3333
ID615 1 2 2 122 40 0.3333 0.3333 0.3333 1 0 0
ID616 3 2 4 324 54 0.3333 0.3333 0.3333 0 0 1
ID617 3 2 4 324 54 0.3333 0.3333 0.3333 0 0 1
ID618 3 1 3 313 40 0.3333 0.3333 0.3333 0 0.3333 0.6667
ID619 3 1 3 313 40 0.3333 0.3333 0.3333 0 0.3333 0.6667
ID62 3 2 2 322 41 0.3333 0.3333 0.3333 0.4149 0 0.5851
ID620 3 1 4 314 40 0.3333 0.3333 0.3333 0 0.6032 0.3968
ID621 2 1 3 213 55 0.3333 0.3333 0.3333 0 0.6667 0.3333
ID622 3 2 2 322 41 0.3333 0.3333 0.3333 0.4149 0 0.5851
ID623 2 2 4 224 44 0.3333 0.3333 0.3333 0 0.6032 0.3968
ID624 3 2 1 321 41 0.3333 0.3333 0.3333 0.4149 0 0.5851
ID625 2 2 2 222 30 0.3333 0.3333 0.3333 0 0.6667 0.3333
ID626 1 2 1 121 50 0.3333 0.3333 0.3333 1 0 0
ID627 1 2 3 123 44 0.3333 0.3333 0.3333 0.4149 0 0.5851
ID628 3 1 4 314 40 0.3333 0.3333 0.3333 0 0.6032 0.3968
ID629 1 2 3 123 44 0.3333 0.3333 0.3333 0.4149 0 0.5851
ID63 1 2 2 122 40 0.3333 0.3333 0.3333 1 0 0
ID630 2 2 2 222 30 0.3333 0.3333 0.3333 0 0.6667 0.3333
ID631 1 2 1 121 50 0.3333 0.3333 0.3333 1 0 0
ID632 2 1 4 214 46 0.3333 0.3333 0.3333 0 1 0
ID633 2 2 1 221 26 0.3333 0.3333 0.3333 0.6138 0.3333 0.0528
ID634 1 1 4 114 45 0.3333 0.3333 0.3333 0.4303 0.5697 0
ID635 1 2 1 121 50 0.3333 0.3333 0.3333 1 0 0
ID636 2 1 4 214 46 0.3333 0.3333 0.3333 0 1 0
ID637 3 2 3 323 47 0.3333 0.3333 0.3333 0 0 1
ID638 1 1 2 112 34 0.3333 0.3333 0.3333 1 0 0
ID639 2 1 3 213 55 0.3333 0.3333 0.3333 0 0.6667 0.3333
ID64 3 1 2 312 41 0.3333 0.3333 0.3333 0 0.6667 0.3333
ID640 1 1 1 111 47 0.3333 0.3333 0.3333 1 0 0
ID641 2 1 3 213 55 0.3333 0.3333 0.3333 0 0.6667 0.3333
ID642 3 2 4 324 54 0.3333 0.3333 0.3333 0 0 1
ID643 2 1 1 211 52 0.3333 0.3333 0.3333 0.4303 0.5697 0
ID644 2 2 2 222 30 0.3333 0.3333 0.3333 0 0.6667 0.3333
ID645 3 2 3 323 47 0.3333 0.3333 0.3333 0 0 1
ID646 1 2 4 124 26 0.3333 0.3333 0.3333 0.472 0.2251 0.303
ID647 2 2 2 222 30 0.3333 0.3333 0.3333 0 0.6667 0.3333
ID648 3 1 4 314 40 0.3333 0.3333 0.3333 0 0.6032 0.3968
ID649 3 1 3 313 40 0.3333 0.3333 0.3333 0 0.3333 0.6667
ID65 2 2 4 224 44 0.3333 0.3333 0.3333 0 0.6032 0.3968
ID650 1 1 1 111 47 0.3333 0.3333 0.3333 1 0 0
ID651 3 2 3 323 47 0.3333 0.3333 0.3333 0 0 1
ID652 1 1 4 114 45 0.3333 0.3333 0.3333 0.4303 0.5697 0
ID653 1 1 3 113 40 0.3333 0.3333 0.3333 0.6667 0 0.3333
ID654 3 2 2 322 41 0.3333 0.3333 0.3333 0.4149 0 0.5851
ID655 1 1 3 113 40 0.3333 0.3333 0.3333 0.6667 0 0.3333
ID656 1 1 3 113 40 0.3333 0.3333 0.3333 0.6667 0 0.3333
ID657 3 2 4 324 54 0.3333 0.3333 0.3333 0 0 1
ID658 1 1 1 111 47 0.3333 0.3333 0.3333 1 0 0
ID659 1 2 3 123 44 0.3333 0.3333 0.3333 0.4149 0 0.5851
ID66 3 2 4 324 54 0.3333 0.3333 0.3333 0 0 1
ID660 1 1 1 111 47 0.3333 0.3333 0.3333 1 0 0
ID661 2 2 4 224 44 0.3333 0.3333 0.3333 0 0.6032 0.3968
ID662 2 1 3 213 55 0.3333 0.3333 0.3333 0 0.6667 0.3333
ID663 2 2 2 222 30 0.3333 0.3333 0.3333 0 0.6667 0.3333
ID664 2 2 4 224 44 0.3333 0.3333 0.3333 0 0.6032 0.3968
ID665 3 1 2 312 41 0.3333 0.3333 0.3333 0 0.6667 0.3333
ID666 3 2 4 324 54 0.3333 0.3333 0.3333 0 0 1
ID667 2 1 3 213 55 0.3333 0.3333 0.3333 0 0.6667 0.3333
ID668 1 1 1 111 47 0.3333 0.3333 0.3333 1 0 0
ID669 3 1 1 311 39 0.3333 0.3333 0.3333 0.6667 0 0.3333
ID67 2 1 1 211 52 0.3333 0.3333 0.3333 0.4303 0.5697 0
ID670 1 2 4 124 26 0.3333 0.3333 0.3333 0.472 0.2251 0.303
ID671 3 2 3 323 47 0.3333 0.3333 0.3333 0 0 1
ID672 3 1 2 312 41 0.3333 0.3333 0.3333 0 0.6667 0.3333
ID673 3 2 4 324 54 0.3333 0.3333 0.3333 0 0 1
ID674 1 2 1 121 50 0.3333 0.3333 0.3333 1 0 0
ID675 2 1 3 213 55 0.3333 0.3333 0.3333 0 0.6667 0.3333
ID676 3 2 2 322 41 0.3333 0.3333 0.3333 0.4149 0 0.5851
ID677 3 1 2 312 41 0.3333 0.3333 0.3333 0 0.6667 0.3333
ID678 1 1 2 112 34 0.3333 0.3333 0.3333 1 0 0
ID679 1 1 3 113 40 0.3333 0.3333 0.3333 0.6667 0 0.3333
ID68 2 1 3 213 55 0.3333 0.3333 0.3333 0 0.6667 0.3333
ID680 1 1 4 114 45 0.3333 0.3333 0.3333 0.4303 0.5697 0
ID681 3 2 2 322 41 0.3333 0.3333 0.3333 0.4149 0 0.5851
ID682 3 2 3 323 47 0.3333 0.3333 0.3333 0 0 1
ID683 1 1 2 112 34 0.3333 0.3333 0.3333 1 0 0
ID684 1 1 1 111 47 0.3333 0.3333 0.3333 1 0 0
ID685 2 1 1 211 52 0.3333 0.3333 0.3333 0.4303 0.5697 0
ID686 3 2 1 321 41 0.3333 0.3333 0.3333 0.4149 0 0.5851
ID687 3 1 4 314 40 0.3333 0.3333 0.3333 0 0.6032 0.3968
ID688 2 1 2 212 34 0.3333 0.3333 0.3333 0 1 0
ID689 1 1 3 113 40 0.3333 0.3333 0.3333 0.6667 0 0.3333
ID69 3 1 3 313 40 0.3333 0.3333 0.3333 0 0.3333 0.6667
ID690 3 2 3 323 47 0.3333 0.3333 0.3333 0 0 1
ID691 1 2 3 123 44 0.3333 0.3333 0.3333 0.4149 0 0.5851
ID692 1 1 4 114 45 0.3333 0.3333 0.3333 0.4303 0.5697 0
ID693 3 2 4 324 54 0.3333 0.3333 0.3333 0 0 1
ID694 2 1 2 212 34 0.3333 0.3333 0.3333 0 1 0
ID695 3 2 2 322 41 0.3333 0.3333 0.3333 0.4149 0 0.5851
ID696 3 2 1 321 41 0.3333 0.3333 0.3333 0.4149 0 0.5851
ID697 3 2 4 324 54 0.3333 0.3333 0.3333 0 0 1
ID698 2 2 2 222 30 0.3333 0.3333 0.3333 0 0.6667 0.3333
ID699 1 1 3 113 40 0.3333 0.3333 0.3333 0.6667 0 0.3333
ID7 2 2 1 221 26 0.3333 0.3333 0.3333 0.6138 0.3333 0.0528
ID70 2 1 4 214 46 0.3333 0.3333 0.3333 0 1 0
ID700 3 1 1 311 39 0.3333 0.3333 0.3333 0.6667 0 0.3333
ID701 3 1 2 312 41 0.3333 0.3333 0.3333 0 0.6667 0.3333
ID702 2 2 3 223 44 0.3333 0.3333 0.3333 0 0.3333 0.6667
ID703 2 1 1 211 52 0.3333 0.3333 0.3333 0.4303 0.5697 0
ID704 2 2 3 223 44 0.3333 0.3333 0.3333 0 0.3333 0.6667
ID705 3 1 3 313 40 0.3333 0.3333 0.3333 0 0.3333 0.6667
ID706 3 2 3 323 47 0.3333 0.3333 0.3333 0 0 1
ID707 2 2 1 221 26 0.3333 0.3333 0.3333 0.6138 0.3333 0.0528
ID708 1 1 1 111 47 0.3333 0.3333 0.3333 1 0 0
ID709 1 2 3 123 44 0.3333 0.3333 0.3333 0.4149 0 0.5851
ID71 2 2 3 223 44 0.3333 0.3333 0.3333 0 0.3333 0.6667
ID710 1 1 2 112 34 0.3333 0.3333 0.3333 1 0 0
ID711 2 2 4 224 44 0.3333 0.3333 0.3333 0 0.6032 0.3968
ID712 1 1 3 113 40 0.3333 0.3333 0.3333 0.6667 0 0.3333
ID713 2 2 1 221 26 0.3333 0.3333 0.3333 0.6138 0.3333 0.0528
ID714 2 1 1 211 52 0.3333 0.3333 0.3333 0.4303 0.5697 0
ID715 3 1 4 314 40 0.3333 0.3333 0.3333 0 0.6032 0.3968
ID716 3 1 4 314 40 0.3333 0.3333 0.3333 0 0.6032 0.3968
ID717 3 2 4 324 54 0.3333 0.3333 0.3333 0 0 1
ID718 3 2 1 321 41 0.3333 0.3333 0.3333 0.4149 0 0.5851
ID719 2 1 1 211 52 0.3333 0.3333 0.3333 0.4303 0.5697 0
ID72 3 1 3 313 40 0.3333 0.3333 0.3333 0 0.3333 0.6667
ID720 2 2 1 221 26 0.3333 0.3333 0.3333 0.6138 0.3333 0.0528
ID721 2 1 4 214 46 0.3333 0.3333 0.3333 0 1 0
ID722 3 2 3 323 47 0.3333 0.3333 0.3333 0 0 1
ID723 3 2 3 323 47 0.3333 0.3333 0.3333 0 0 1
ID724 3 2 4 324 54 0.3333 0.3333 0.3333 0 0 1
ID725 1 2 4 124 26 0.3333 0.3333 0.3333 0.472 0.2251 0.303
ID726 3 1 3 313 40 0.3333 0.3333 0.3333 0 0.3333 0.6667
ID727 1 1 4 114 45 0.3333 0.3333 0.3333 0.4303 0.5697 0
ID728 3 1 3 313 40 0.3333 0.3333 0.3333 0 0.3333 0.6667
ID729 2 1 2 212 34 0.3333 0.3333 0.3333 0 1 0
ID73 3 1 4 314 40 0.3333 0.3333 0.3333 0 0.6032 0.3968
ID730 1 2 3 123 44 0.3333 0.3333 0.3333 0.4149 0 0.5851
ID731 1 2 3 123 44 0.3333 0.3333 0.3333 0.4149 0 0.5851
ID732 1 2 1 121 50 0.3333 0.3333 0.3333 1 0 0
ID733 3 2 1 321 41 0.3333 0.3333 0.3333 0.4149 0 0.5851
ID734 1 2 4 124 26 0.3333 0.3333 0.3333 0.472 0.2251 0.303
ID735 2 1 2 212 34 0.3333 0.3333 0.3333 0 1 0
ID736 1 2 1 121 50 0.3333 0.3333 0.3333 1 0 0
ID737 3 2 3 323 47 0.3333 0.3333 0.3333 0 0 1
ID738 3 1 2 312 41 0.3333 0.3333 0.3333 0 0.6667 0.3333
ID739 3 1 1 311 39 0.3333 0.3333 0.3333 0.6667 0 0.3333
ID74 1 1 2 112 34 0.3333 0.3333 0.3333 1 0 0
ID740 2 1 3 213 55 0.3333 0.3333 0.3333 0 0.6667 0.3333
ID741 3 2 1 321 41 0.3333 0.3333 0.3333 0.4149 0 0.5851
ID742 2 1 1 211 52 0.3333 0.3333 0.3333 0.4303 0.5697 0
ID743 1 2 3 123 44 0.3333 0.3333 0.3333 0.4149 0 0.5851
ID744 3 1 4 314 40 0.3333 0.3333 0.3333 0 0.6032 0.3968
ID745 2 2 4 224 44 0.3333 0.3333 0.3333 0 0.6032 0.3968
ID746 2 1 3 213 55 0.3333 0.3333 0.3333 0 0.6667 0.3333
ID747 1 1 2 112 34 0.3333 0.3333 0.3333 1 0 0
ID748 2 1 4 214 46 0.3333 0.3333 0.3333 0 1 0
ID749 1 1 1 111 47 0.3333 0.3333 0.3333 1 0 0
ID75 2 1 2 212 34 0.3333 0.3333 0.3333 0 1 0
ID750 2 1 4 214 46 0.3333 0.3333 0.3333 0 1 0
ID751 3 2 3 323 47 0.3333 0.3333 0.3333 0 0 1
ID752 3 2 3 323 47 0.3333 0.3333 0.3333 0 0 1
ID753 2 2 2 222 30 0.3333 0.3333 0.3333 0 0.6667 0.3333
ID754 2 1 4 214 46 0.3333 0.3333 0.3333 0 1 0
ID755 1 1 3 113 40 0.3333 0.3333 0.3333 0.6667 0 0.3333
ID756 2 2 4 224 44 0.3333 0.3333 0.3333 0 0.6032 0.3968
ID757 3 1 4 314 40 0.3333 0.3333 0.3333 0 0.6032 0.3968
ID758 2 2 3 223 44 0.3333 0.3333 0.3333 0 0.3333 0.6667
ID759 3 1 3 313 40 0.3333 0.3333 0.3333 0 0.3333 0.6667
ID76 2 1 1 211 52 0.3333 0.3333 0.3333 0.4303 0.5697 0
ID760 1 1 1 111 47 0.3333 0.3333 0.3333 1 0 0
ID761 2 1 2 212 34 0.3333 0.3333 0.3333 0 1 0
ID762 3 2 3 323 47 0.3333 0.3333 0.3333 0 0 1
ID763 1 1 4 114 45 0.3333 0.3333 0.3333 0.4303 0.5697 0
ID764 2 2 3 223 44 0.3333 0.3333 0.3333 0 0.3333 0.6667
ID765 3 1 2 312 41 0.3333 0.3333 0.3333 0 0.6667 0.3333
ID766 2 2 3 223 44 0.3333 0.3333 0.3333 0 0.3333 0.6667
ID767 1 1 1 111 47 0.3333 0.3333 0.3333 1 0 0
ID768 3 2 1 321 41 0.3333 0.3333 0.3333 0.4149 0 0.5851
ID769 3 1 4 314 40 0.3333 0.3333 0.3333 0 0.6032 0.3968
ID77 1 2 4 124 26 0.3333 0.3333 0.3333 0.472 0.2251 0.303
ID770 3 1 3 313 40 0.3333 0.3333 0.3333 0 0.3333 0.6667
ID771 1 2 2 122 40 0.3333 0.3333 0.3333 1 0 0
ID772 3 2 2 322 41 0.3333 0.3333 0.3333 0.4149 0 0.5851
ID773 2 1 1 211 52 0.3333 0.3333 0.3333 0.4303 0.5697 0
ID774 2 1 1 211 52 0.3333 0.3333 0.3333 0.4303 0.5697 0
ID775 2 1 1 211 52 0.3333 0.3333 0.3333 0.4303 0.5697 0
ID776 3 2 4 324 54 0.3333 0.3333 0.3333 0 0 1
ID777 1 1 4 114 45 0.3333 0.3333 0.3333 0.4303 0.5697 0
ID778 1 2 3 123 44 0.3333 0.3333 0.3333 0.4149 0 0.5851
ID779 2 2 4 224 44 0.3333 0.3333 0.3333 0 0.6032 0.3968
ID78 2 2 2 222 30 0.3333 0.3333 0.3333 0 0.6667 0.3333
ID780 2 1 1 211 52 0.3333 0.3333 0.3333 0.4303 0.5697 0
ID781 3 2 1 321 41 0.3333 0.3333 0.3333 0.4149 0 0.5851
ID782 2 2 3 223 44 0.3333 0.3333 0.3333 0 0.3333 0.6667
ID783 2 2 2 222 30 0.3333 0.3333 0.3333 0 0.6667 0.3333
ID784 1 1 3 113 40 0.3333 0.3333 0.3333 0.6667 0 0.3333
ID785 3 2 2 322 41 0.3333 0.3333 0.3333 0.4149 0 0.5851
ID786 1 2 3 123 44 0.3333 0.3333 0.3333 0.4149 0 0.5851
ID787 3 2 3 323 47 0.3333 0.3333 0.3333 0 0 1
ID788 3 2 3 323 47 0.3333 0.3333 0.3333 0 0 1
ID789 3 2 1 321 41 0.3333 0.3333 0.3333 0.4149 0 0.5851
ID79 1 1 3 113 40 0.3333 0.3333 0.3333 0.6667 0 0.3333
ID790 3 2 4 324 54 0.3333 0.3333 0.3333 0 0 1
ID791 2 1 4 214 46 0.3333 0.3333 0.3333 0 1 0
ID792 2 2 2 222 30 0.3333 0.3333 0.3333 0 0.6667 0.3333
ID793 1 1 3 113 40 0.3333 0.3333 0.3333 0.6667 0 0.3333
ID794 1 1 1 111 47 0.3333 0.3333 0.3333 1 0 0
ID795 3 1 3 313 40 0.3333 0.3333 0.3333 0 0.3333 0.6667
ID796 2 2 3 223 44 0.3333 0.3333 0.3333 0 0.3333 0.6667
ID797 1 1 3 113 40 0.3333 0.3333 0.3333 0.6667 0 0.3333
ID798 2 1 1 211 52 0.3333 0.3333 0.3333 0.4303 0.5697 0
ID799 2 1 4 214 46 0.3333 0.3333 0.3333 0 1 0
ID8 2 1 3 213 55 0.3333 0.3333 0.3333 0 0.6667 0.3333
ID80 1 2 1 121 50 0.3333 0.3333 0.3333 1 0 0
ID800 2 1 3 213 55 0.3333 0.3333 0.3333 0 0.6667 0.3333
ID801 1 1 1 111 47 0.3333 0.3333 0.3333 1 0 0
ID802 3 2 3 323 47 0.3333 0.3333 0.3333 0 0 1
ID803 3 1 4 314 40 0.3333 0.3333 0.3333 0 0.6032 0.3968
ID804 2 2 3 223 44 0.3333 0.3333 0.3333 0 0.3333 0.6667
ID805 2 1 4 214 46 0.3333 0.3333 0.3333 0 1 0
ID806 2 1 3 213 55 0.3333 0.3333 0.3333 0 0.6667 0.3333
ID807 1 2 1 121 50 0.3333 0.3333 0.3333 1 0 0
ID808 3 2 1 321 41 0.3333 0.3333 0.3333 0.4149 0 0.5851
ID809 1 1 3 113 40 0.3333 0.3333 0.3333 0.6667 0 0.3333
ID81 2 2 3 223 44 0.3333 0.3333 0.3333 0 0.3333 0.6667
ID810 2 1 1 211 52 0.3333 0.3333 0.3333 0.4303 0.5697 0
ID811 3 1 2 312 41 0.3333 0.3333 0.3333 0 0.6667 0.3333
ID812 1 2 3 123 44 0.3333 0.3333 0.3333 0.4149 0 0.5851
ID813 1 1 1 111 47 0.3333 0.3333 0.3333 1 0 0
ID814 2 2 1 221 26 0.3333 0.3333 0.3333 0.6138 0.3333 0.0528
ID815 3 1 4 314 40 0.3333 0.3333 0.3333 0 0.6032 0.3968
ID816 1 2 1 121 50 0.3333 0.3333 0.3333 1 0 0
ID817 2 2 4 224 44 0.3333 0.3333 0.3333 0 0.6032 0.3968
ID818 1 2 3 123 44 0.3333 0.3333 0.3333 0.4149 0 0.5851
ID819 1 1 3 113 40 0.3333 0.3333 0.3333 0.6667 0 0.3333
ID82 3 1 2 312 41 0.3333 0.3333 0.3333 0 0.6667 0.3333
ID820 3 2 3 323 47 0.3333 0.3333 0.3333 0 0 1
ID821 3 1 4 314 40 0.3333 0.3333 0.3333 0 0.6032 0.3968
ID822 3 2 4 324 54 0.3333 0.3333 0.3333 0 0 1
ID823 3 2 2 322 41 0.3333 0.3333 0.3333 0.4149 0 0.5851
ID824 3 2 4 324 54 0.3333 0.3333 0.3333 0 0 1
ID825 2 2 1 221 26 0.3333 0.3333 0.3333 0.6138 0.3333 0.0528
ID826 3 1 2 312 41 0.3333 0.3333 0.3333 0 0.6667 0.3333
ID827 2 1 4 214 46 0.3333 0.3333 0.3333 0 1 0
ID828 3 2 2 322 41 0.3333 0.3333 0.3333 0.4149 0 0.5851
ID829 2 1 3 213 55 0.3333 0.3333 0.3333 0 0.6667 0.3333
ID83 3 1 3 313 40 0.3333 0.3333 0.3333 0 0.3333 0.6667
ID830 3 1 3 313 40 0.3333 0.3333 0.3333 0 0.3333 0.6667
ID831 2 1 2 212 34 0.3333 0.3333 0.3333 0 1 0
ID832 2 1 3 213 55 0.3333 0.3333 0.3333 0 0.6667 0.3333
ID833 3 1 1 311 39 0.3333 0.3333 0.3333 0.6667 0 0.3333
ID834 2 2 4 224 44 0.3333 0.3333 0.3333 0 0.6032 0.3968
ID835 1 1 4 114 45 0.3333 0.3333 0.3333 0.4303 0.5697 0
ID836 3 2 3 323 47 0.3333 0.3333 0.3333 0 0 1
ID837 1 1 1 111 47 0.3333 0.3333 0.3333 1 0 0
ID838 3 2 4 324 54 0.3333 0.3333 0.3333 0 0 1
ID839 2 1 2 212 34 0.3333 0.3333 0.3333 0 1 0
ID84 1 1 2 112 34 0.3333 0.3333 0.3333 1 0 0
ID840 1 1 4 114 45 0.3333 0.3333 0.3333 0.4303 0.5697 0
ID841 1 1 4 114 45 0.3333 0.3333 0.3333 0.4303 0.5697 0
ID842 3 1 1 311 39 0.3333 0.3333 0.3333 0.6667 0 0.3333
ID843 1 2 2 122 40 0.3333 0.3333 0.3333 1 0 0
ID844 2 2 3 223 44 0.3333 0.3333 0.3333 0 0.3333 0.6667
ID845 3 2 1 321 41 0.3333 0.3333 0.3333 0.4149 0 0.5851
ID846 3 1 1 311 39 0.3333 0.3333 0.3333 0.6667 0 0.3333
ID847 2 1 1 211 52 0.3333 0.3333 0.3333 0.4303 0.5697 0
ID848 2 2 1 221 26 0.3333 0.3333 0.3333 0.6138 0.3333 0.0528
ID849 2 1 3 213 55 0.3333 0.3333 0.3333 0 0.6667 0.3333
ID85 2 1 1 211 52 0.3333 0.3333 0.3333 0.4303 0.5697 0
ID850 3 1 1 311 39 0.3333 0.3333 0.3333 0.6667 0 0.3333
ID851 3 1 2 312 41 0.3333 0.3333 0.3333 0 0.6667 0.3333
ID852 3 1 1 311 39 0.3333 0.3333 0.3333 0.6667 0 0.3333
ID853 2 2 3 223 44 0.3333 0.3333 0.3333 0 0.3333 0.6667
ID854 1 1 3 113 40 0.3333 0.3333 0.3333 0.6667 0 0.3333
ID855 3 1 3 313 40 0.3333 0.3333 0.3333 0 0.3333 0.6667
ID856 3 1 3 313 40 0.3333 0.3333 0.3333 0 0.3333 0.6667
ID857 3 1 1 311 39 0.3333 0.3333 0.3333 0.6667 0 0.3333
ID858 3 2 4 324 54 0.3333 0.3333 0.3333 0 0 1
ID859 3 1 2 312 41 0.3333 0.3333 0.3333 0 0.6667 0.3333
ID86 1 2 1 121 50 0.3333 0.3333 0.3333 1 0 0
ID860 3 2 1 321 41 0.3333 0.3333 0.3333 0.4149 0 0.5851
ID861 1 2 2 122 40 0.3333 0.3333 0.3333 1 0 0
ID862 1 1 2 112 34 0.3333 0.3333 0.3333 1 0 0
ID863 1 1 4 114 45 0.3333 0.3333 0.3333 0.4303 0.5697 0
ID864 1 2 3 123 44 0.3333 0.3333 0.3333 0.4149 0 0.5851
ID865 1 2 2 122 40 0.3333 0.3333 0.3333 1 0 0
ID866 2 2 1 221 26 0.3333 0.3333 0.3333 0.6138 0.3333 0.0528
ID867 1 1 3 113 40 0.3333 0.3333 0.3333 0.6667 0 0.3333
ID868 2 1 1 211 52 0.3333 0.3333 0.3333 0.4303 0.5697 0
ID869 2 2 3 223 44 0.3333 0.3333 0.3333 0 0.3333 0.6667
ID87 2 1 1 211 52 0.3333 0.3333 0.3333 0.4303 0.5697 0
ID870 3 1 4 314 40 0.3333 0.3333 0.3333 0 0.6032 0.3968
ID871 3 2 1 321 41 0.3333 0.3333 0.3333 0.4149 0 0.5851
ID872 1 2 2 122 40 0.3333 0.3333 0.3333 1 0 0
ID873 2 1 3 213 55 0.3333 0.3333 0.3333 0 0.6667 0.3333
ID874 2 2 4 224 44 0.3333 0.3333 0.3333 0 0.6032 0.3968
ID875 1 2 2 122 40 0.3333 0.3333 0.3333 1 0 0
ID876 3 1 3 313 40 0.3333 0.3333 0.3333 0 0.3333 0.6667
ID877 3 2 4 324 54 0.3333 0.3333 0.3333 0 0 1
ID878 2 1 4 214 46 0.3333 0.3333 0.3333 0 1 0
ID879 1 1 2 112 34 0.3333 0.3333 0.3333 1 0 0
ID88 1 2 2 122 40 0.3333 0.3333 0.3333 1 0 0
ID880 3 2 4 324 54 0.3333 0.3333 0.3333 0 0 1
ID881 2 1 2 212 34 0.3333 0.3333 0.3333 0 1 0
ID882 1 2 2 122 40 0.3333 0.3333 0.3333 1 0 0
ID883 3 2 3 323 47 0.3333 0.3333 0.3333 0 0 1
ID884 2 1 4 214 46 0.3333 0.3333 0.3333 0 1 0
ID885 2 1 4 214 46 0.3333 0.3333 0.3333 0 1 0
ID886 2 1 2 212 34 0.3333 0.3333 0.3333 0 1 0
ID887 2 1 2 212 34 0.3333 0.3333 0.3333 0 1 0
ID888 2 2 4 224 44 0.3333 0.3333 0.3333 0 0.6032 0.3968
ID889 1 2 3 123 44 0.3333 0.3333 0.3333 0.4149 0 0.5851
ID89 3 1 1 311 39 0.3333 0.3333 0.3333 0.6667 0 0.3333
ID890 1 1 4 114 45 0.3333 0.3333 0.3333 0.4303 0.5697 0
ID891 3 1 3 313 40 0.3333 0.3333 0.3333 0 0.3333 0.6667
ID892 1 2 3 123 44 0.3333 0.3333 0.3333 0.4149 0 0.5851
ID893 1 2 4 124 26 0.3333 0.3333 0.3333 0.472 0.2251 0.303
ID894 3 1 2 312 41 0.3333 0.3333 0.3333 0 0.6667 0.3333
ID895 1 1 3 113 40 0.3333 0.3333 0.3333 0.6667 0 0.3333
ID896 2 2 1 221 26 0.3333 0.3333 0.3333 0.6138 0.3333 0.0528
ID897 3 2 2 322 41 0.3333 0.3333 0.3333 0.4149 0 0.5851
ID898 3 2 2 322 41 0.3333 0.3333 0.3333 0.4149 0 0.5851
ID899 2 2 2 222 30 0.3333 0.3333 0.3333 0 0.6667 0.3333
ID9 3 1 3 313 40 0.3333 0.3333 0.3333 0 0.3333 0.6667
ID90 3 1 2 312 41 0.3333 0.3333 0.3333 0 0.6667 0.3333
ID900 2 1 4 214 46 0.3333 0.3333 0.3333 0 1 0
ID901 1 2 3 123 44 0.3333 0.3333 0.3333 0.4149 0 0.5851
ID902 3 2 1 321 41 0.3333 0.3333 0.3333 0.4149 0 0.5851
ID903 3 2 4 324 54 0.3333 0.3333 0.3333 0 0 1
ID904 1 2 1 121 50 0.3333 0.3333 0.3333 1 0 0
ID905 3 2 4 324 54 0.3333 0.3333 0.3333 0 0 1
ID906 1 1 3 113 40 0.3333 0.3333 0.3333 0.6667 0 0.3333
ID907 1 1 1 111 47 0.3333 0.3333 0.3333 1 0 0
ID908 2 1 2 212 34 0.3333 0.3333 0.3333 0 1 0
ID909 1 2 1 121 50 0.3333 0.3333 0.3333 1 0 0
ID91 2 2 1 221 26 0.3333 0.3333 0.3333 0.6138 0.3333 0.0528
ID910 1 1 4 114 45 0.3333 0.3333 0.3333 0.4303 0.5697 0
ID911 1 1 1 111 47 0.3333 0.3333 0.3333 1 0 0
ID912 1 2 3 123 44 0.3333 0.3333 0.3333 0.4149 0 0.5851
ID913 1 1 1 111 47 0.3333 0.3333 0.3333 1 0 0
ID914 1 2 1 121 50 0.3333 0.3333 0.3333 1 0 0
ID915 3 1 2 312 41 0.3333 0.3333 0.3333 0 0.6667 0.3333
ID916 3 2 4 324 54 0.3333 0.3333 0.3333 0 0 1
ID917 1 1 2 112 34 0.3333 0.3333 0.3333 1 0 0
ID918 1 1 3 113 40 0.3333 0.3333 0.3333 0.6667 0 0.3333
ID919 3 2 3 323 47 0.3333 0.3333 0.3333 0 0 1
ID92 3 2 3 323 47 0.3333 0.3333 0.3333 0 0 1
ID920 2 1 4 214 46 0.3333 0.3333 0.3333 0 1 0
ID921 2 1 3 213 55 0.3333 0.3333 0.3333 0 0.6667 0.3333
ID922 3 2 4 324 54 0.3333 0.3333 0.3333 0 0 1
ID923 3 2 3 323 47 0.3333 0.3333 0.3333 0 0 1
ID924 2 1 3 213 55 0.3333 0.3333 0.3333 0 0.6667 0.3333
ID925 3 2 2 322 41 0.3333 0.3333 0.3333 0.4149 0 0.5851
ID926 3 1 1 311 39 0.3333 0.3333 0.3333 0.6667 0 0.3333
ID927 1 2 4 124 26 0.3333 0.3333 0.3333 0.472 0.2251 0.303
ID928 2 1 4 214 46 0.3333 0.3333 0.3333 0 1 0
ID929 2 1 4 214 46 0.3333 0.3333 0.3333 0 1 0
ID93 1 2 1 121 50 0.3333 0.3333 0.3333 1 0 0
ID930 2 1 4 214 46 0.3333 0.3333 0.3333 0 1 0
ID931 2 1 2 212 34 0.3333 0.3333 0.3333 0 1 0
ID932 1 2 4 124 26 0.3333 0.3333 0.3333 0.472 0.2251 0.303
ID933 1 1 3 113 40 0.3333 0.3333 0.3333 0.6667 0 0.3333
ID934 2 1 3 213 55 0.3333 0.3333 0.3333 0 0.6667 0.3333
ID935 2 2 2 222 30 0.3333 0.3333 0.3333 0 0.6667 0.3333
ID936 1 1 4 114 45 0.3333 0.3333 0.3333 0.4303 0.5697 0
ID937 3 1 2 312 41 0.3333 0.3333 0.3333 0 0.6667 0.3333
ID938 1 2 2 122 40 0.3333 0.3333 0.3333 1 0 0
ID939 3 2 2 322 41 0.3333 0.3333 0.3333 0.4149 0 0.5851
ID94 2 2 3 223 44 0.3333 0.3333 0.3333 0 0.3333 0.6667
ID940 3 2 2 322 41 0.3333 0.3333 0.3333 0.4149 0 0.5851
ID941 2 2 3 223 44 0.3333 0.3333 0.3333 0 0.3333 0.6667
ID942 3 2 3 323 47 0.3333 0.3333 0.3333 0 0 1
ID943 3 2 2 322 41 0.3333 0.3333 0.3333 0.4149 0 0.5851
ID944 3 2 3 323 47 0.3333 0.3333 0.3333 0 0 1
ID945 1 1 1 111 47 0.3333 0.3333 0.3333 1 0 0
ID946 3 2 4 324 54 0.3333 0.3333 0.3333 0 0 1
ID947 1 1 1 111 47 0.3333 0.3333 0.3333 1 0 0
ID948 3 1 4 314 40 0.3333 0.3333 0.3333 0 0.6032 0.3968
ID949 1 1 3 113 40 0.3333 0.3333 0.3333 0.6667 0 0.3333
ID95 2 1 4 214 46 0.3333 0.3333 0.3333 0 1 0
ID950 1 2 2 122 40 0.3333 0.3333 0.3333 1 0 0
ID951 2 2 1 221 26 0.3333 0.3333 0.3333 0.6138 0.3333 0.0528
ID952 2 2 4 224 44 0.3333 0.3333 0.3333 0 0.6032 0.3968
ID953 1 2 3 123 44 0.3333 0.3333 0.3333 0.4149 0 0.5851
ID954 1 1 2 112 34 0.3333 0.3333 0.3333 1 0 0
ID955 1 2 4 124 26 0.3333 0.3333 0.3333 0.472 0.2251 0.303
ID956 3 1 3 313 40 0.3333 0.3333 0.3333 0 0.3333 0.6667
ID957 1 2 1 121 50 0.3333 0.3333 0.3333 1 0 0
ID958 1 2 2 122 40 0.3333 0.3333 0.3333 1 0 0
ID959 2 1 2 212 34 0.3333 0.3333 0.3333 0 1 0
ID96 3 2 3 323 47 0.3333 0.3333 0.3333 0 0 1
ID960 1 2 3 123 44 0.3333 0.3333 0.3333 0.4149 0 0.5851
ID961 1 2 2 122 40 0.3333 0.3333 0.3333 1 0 0
ID962 3 1 4 314 40 0.3333 0.3333 0.3333 0 0.6032 0.3968
ID963 2 1 3 213 55 0.3333 0.3333 0.3333 0 0.6667 0.3333
ID964 3 2 3 323 47 0.3333 0.3333 0.3333 0 0 1
ID965 2 2 3 223 44 0.3333 0.3333 0.3333 0 0.3333 0.6667
ID966 3 2 2 322 41 0.3333 0.3333 0.3333 0.4149 0 0.5851
ID967 1 2 4 124 26 0.3333 0.3333 0.3333 0.472 0.2251 0.303
ID968 2 2 3 223 44 0.3333 0.3333 0.3333 0 0.3333 0.6667
ID969 2 2 2 222 30 0.3333 0.3333 0.3333 0 0.6667 0.3333
ID97 2 2 4 224 44 0.3333 0.3333 0.3333 0 0.6032 0.3968
ID970 2 1 4 214 46 0.3333 0.3333 0.3333 0 1 0
ID971 2 2 3 223 44 0.3333 0.3333 0.3333 0 0.3333 0.6667
ID972 2 2 3 223 44 0.3333 0.3333 0.3333 0 0.3333 0.6667
ID973 1 1 4 114 45 0.3333 0.3333 0.3333 0.4303 0.5697 0
ID974 3 1 1 311 39 0.3333 0.3333 0.3333 0.6667 0 0.3333
ID975 2 2 4 224 44 0.3333 0.3333 0.3333 0 0.6032 0.3968
ID976 3 2 1 321 41 0.3333 0.3333 0.3333 0.4149 0 0.5851
ID977 2 2 4 224 44 0.3333 0.3333 0.3333 0 0.6032 0.3968
ID978 1 2 2 122 40 0.3333 0.3333 0.3333 1 0 0
ID979 3 1 2 312 41 0.3333 0.3333 0.3333 0 0.6667 0.3333
ID98 1 2 2 122 40 0.3333 0.3333 0.3333 1 0 0
ID980 2 1 3 213 55 0.3333 0.3333 0.3333 0 0.6667 0.3333
ID981 3 1 4 314 40 0.3333 0.3333 0.3333 0 0.6032 0.3968
ID982 2 1 4 214 46 0.3333 0.3333 0.3333 0 1 0
ID983 3 1 2 312 41 0.3333 0.3333 0.3333 0 0.6667 0.3333
ID984 3 2 4 324 54 0.3333 0.3333 0.3333 0 0 1
ID985 2 2 4 224 44 0.3333 0.3333 0.3333 0 0.6032 0.3968
ID986 2 2 4 224 44 0.3333 0.3333 0.3333 0 0.6032 0.3968
ID987 2 2 2 222 30 0.3333 0.3333 0.3333 0 0.6667 0.3333
ID988 3 2 2 322 41 0.3333 0.3333 0.3333 0.4149 0 0.5851
ID989 1 2 2 122 40 0.3333 0.3333 0.3333 1 0 0
ID99 3 2 2 322 41 0.3333 0.3333 0.3333 0.4149 0 0.5851
ID990 1 2 2 122 40 0.3333 0.3333 0.3333 1 0 0
ID991 1 2 2 122 40 0.3333 0.3333 0.3333 1 0 0
ID992 3 2 3 323 47 0.3333 0.3333 0.3333 0 0 1
ID993 1 2 3 123 44 0.3333 0.3333 0.3333 0.4149 0 0.5851
ID994 2 1 1 211 52 0.3333 0.3333 0.3333 0.4303 0.5697 0
ID995 3 2 4 324 54 0.3333 0.3333 0.3333 0 0 1
ID996 1 1 1 111 47 0.3333 0.3333 0.3333 1 0 0
ID997 2 1 1 211 52 0.3333 0.3333 0.3333 0.4303 0.5697 0
ID998 2 1 3 213 55 0.3333 0.3333 0.3333 0 0.6667 0.3333
ID999 3 2 1 321 41 0.3333 0.3333 0.3333 0.4149 0 0.5851
